label,A,C,D,E,F,G,H,I,K,L,M,N,P,Q,R,S,T,V,W,Y
membrane,0.091614907,0.00310559,0.057453416,0.077639752,0.038819876,0.090062112,0.013975155,0.062111801,0.057453416,0.079192547,0.038819876,0.040372671,0.055900621,0.034161491,0.066770186,0.049689441,0.041925466,0.077639752,0.007763975,0.01552795
membrane,0.068131868,0.013186813,0.050549451,0.048351648,0.050549451,0.041758242,0.017582418,0.043956044,0.065934066,0.096703297,0.028571429,0.03956044,0.054945055,0.021978022,0.057142857,0.061538462,0.096703297,0.081318681,0.01978022,0.041758242
membrane,0.071942446,0.012589928,0.03057554,0.04676259,0.050359712,0.050359712,0.014388489,0.055755396,0.059352518,0.066546763,0.041366906,0.039568345,0.064748201,0.026978417,0.048561151,0.107913669,0.086330935,0.079136691,0.010791367,0.035971223
membrane,0.046413502,0.010548523,0.05907173,0.040084388,0.044303797,0.054852321,0.014767932,0.061181435,0.056962025,0.094936709,0.037974684,0.044303797,0.044303797,0.02742616,0.056962025,0.078059072,0.073839662,0.080168776,0.016877637,0.056962025
membrane,0.052104208,0.01002004,0.062124248,0.038076152,0.052104208,0.048096192,0.022044088,0.070140281,0.034068136,0.092184369,0.034068136,0.0501002,0.034068136,0.028056112,0.066132265,0.078156313,0.082164329,0.084168337,0.016032064,0.046092184
membrane,0.038709677,0.021505376,0.060215054,0.03655914,0.060215054,0.053763441,0.019354839,0.079569892,0.051612903,0.098924731,0.030107527,0.04516129,0.043010753,0.019354839,0.051612903,0.077419355,0.08172043,0.058064516,0.025806452,0.047311828
membrane,0.095768374,0.008908686,0.051224944,0.04454343,0.042316258,0.057906459,0.020044543,0.06013363,0.033407572,0.10467706,0.033407572,0.037861915,0.040089087,0.031180401,0.064587973,0.080178174,0.046770601,0.077951002,0.022271715,0.046770601
membrane,0.038054968,0.006342495,0.063424947,0.046511628,0.057082452,0.038054968,0.023255814,0.054968288,0.044397463,0.095137421,0.044397463,0.029598309,0.050739958,0.031712474,0.073995772,0.090909091,0.071881607,0.071881607,0.025369979,0.042283298
membrane,0.04516129,0.010752688,0.051612903,0.04516129,0.070967742,0.040860215,0.030107527,0.049462366,0.060215054,0.103225806,0.043010753,0.027956989,0.03655914,0.025806452,0.062365591,0.088172043,0.070967742,0.075268817,0.019354839,0.043010753
membrane,0.073496659,0.0155902,0.051224944,0.046770601,0.064587973,0.048997773,0.017817372,0.073496659,0.055679287,0.091314031,0.040089087,0.053452116,0.048997773,0.033407572,0.062360802,0.073496659,0.048997773,0.04454343,0.0155902,0.040089087
membrane,0.064516129,0.026209677,0.056451613,0.040322581,0.0625,0.050403226,0.004032258,0.056451613,0.078629032,0.10483871,0.02016129,0.048387097,0.058467742,0.032258065,0.044354839,0.074596774,0.050403226,0.074596774,0.014112903,0.038306452
membrane,0.122507123,0.011396011,0.03988604,0.025641026,0.068376068,0.07977208,0.017094017,0.07977208,0.017094017,0.13960114,0.031339031,0.025641026,0.022792023,0.011396011,0.076923077,0.045584046,0.048433048,0.085470085,0.01994302,0.031339031
membrane,0.06741573,0.02247191,0.033707865,0.016853933,0.06741573,0.016853933,0.005617978,0.101123596,0.056179775,0.162921348,0.028089888,0.061797753,0.04494382,0.005617978,0.050561798,0.04494382,0.106741573,0.04494382,0,0.061797753
membrane,0.148760331,0.016528926,0.033057851,0.049586777,0.024793388,0.066115702,0.016528926,0.123966942,0.024793388,0.099173554,0.024793388,0.033057851,0,0.008264463,0.049586777,0.066115702,0.041322314,0.115702479,0.041322314,0.016528926
membrane,0.052521008,0.016806723,0.067226891,0.037815126,0.073529412,0.044117647,0.021008403,0.084033613,0.058823529,0.107142857,0.027310924,0.037815126,0.033613445,0.027310924,0.06512605,0.050420168,0.048319328,0.069327731,0.033613445,0.044117647
membrane,0.061157025,0.003305785,0.05785124,0.072727273,0.036363636,0.047933884,0.031404959,0.056198347,0.066115702,0.105785124,0.014876033,0.033057851,0.046280992,0.034710744,0.047933884,0.076033058,0.061157025,0.095867769,0.004958678,0.046280992
membrane,0.094517958,0.003780718,0.060491493,0.062381853,0.039697543,0.081285444,0.015122873,0.028355388,0.052930057,0.155009452,0.017013233,0.032136106,0.04536862,0.047258979,0.043478261,0.09073724,0.039697543,0.049149338,0.024574669,0.017013233
membrane,0.061571125,0.029723992,0.042462845,0.038216561,0.053078556,0.038216561,0.012738854,0.078556263,0.048832272,0.116772824,0.029723992,0.059447983,0.036093418,0.040339703,0.031847134,0.106157113,0.057324841,0.072186837,0.014861996,0.031847134
membrane,0.048117155,0.016736402,0.050209205,0.046025105,0.041841004,0.033472803,0.014644351,0.066945607,0.031380753,0.135983264,0.020920502,0.033472803,0.062761506,0.046025105,0.064853556,0.073221757,0.052301255,0.087866109,0.029288703,0.043933054
membrane,0.045174538,0.016427105,0.059548255,0.047227926,0.045174538,0.041067762,0.022587269,0.073921971,0.030800821,0.131416838,0.018480493,0.028747433,0.065708419,0.036960986,0.065708419,0.067761807,0.055441478,0.084188912,0.026694045,0.036960986
membrane,0.081818182,0.023376623,0.064935065,0.119480519,0.027272727,0.049350649,0.032467532,0.031168831,0.053246753,0.072727273,0.031168831,0.04025974,0.045454545,0.046753247,0.048051948,0.045454545,0.064935065,0.084415584,0.011688312,0.025974026
membrane,0.087912088,0.007326007,0.029304029,0.032967033,0.091575092,0.106227106,0.04029304,0.080586081,0.025641026,0.095238095,0.032967033,0.018315018,0.047619048,0.021978022,0.014652015,0.018315018,0.051282051,0.10989011,0.051282051,0.036630037
membrane,0.088235294,0.014705882,0.029411765,0.024509804,0.083333333,0.098039216,0.053921569,0.073529412,0.019607843,0.117647059,0.053921569,0.024509804,0.014705882,0.009803922,0.024509804,0.053921569,0.083333333,0.073529412,0.029411765,0.029411765
membrane,0.053333333,0,0.04,0.073333333,0.02,0.046666667,0.033333333,0.1,0.04,0.066666667,0.02,0.013333333,0.066666667,0.02,0.04,0.146666667,0.1,0.086666667,0,0.033333333
membrane,0.1171875,0,0.0625,0.0546875,0.0234375,0.0703125,0.0234375,0.0546875,0.0234375,0.0625,0.0625,0.015625,0.0703125,0.015625,0.0390625,0.09375,0.1015625,0.0546875,0.0234375,0.03125
membrane,0.082706767,0,0.045112782,0.07518797,0.022556391,0.067669173,0.015037594,0.082706767,0.045112782,0.060150376,0.022556391,0.030075188,0.105263158,0.037593985,0.015037594,0.07518797,0.127819549,0.07518797,0,0.015037594
membrane,0.123966942,0,0.033057851,0.074380165,0.033057851,0.05785124,0.008264463,0.008264463,0.041322314,0.099173554,0.016528926,0.016528926,0.016528926,0.090909091,0.099173554,0.049586777,0.066115702,0.107438017,0.049586777,0.008264463
membrane,0.049668874,0.01986755,0.052980132,0.049668874,0.046357616,0.059602649,0.024834437,0.081125828,0.043046358,0.104304636,0.01986755,0.044701987,0.056291391,0.031456954,0.056291391,0.079470199,0.064569536,0.067880795,0.013245033,0.034768212
membrane,0.047001621,0.022690438,0.055105348,0.045380875,0.035656402,0.066450567,0.024311183,0.05834684,0.048622366,0.108589951,0.025931929,0.045380875,0.05834684,0.032414911,0.050243112,0.079416532,0.059967585,0.081037277,0.012965964,0.042139384
membrane,0.109756098,0.012195122,0.048780488,0.006097561,0.073170732,0.091463415,0.018292683,0.085365854,0.030487805,0.134146341,0.024390244,0.042682927,0.018292683,0.030487805,0.036585366,0.06097561,0.030487805,0.073170732,0.036585366,0.036585366
membrane,0.098360656,0.06557377,0.056206089,0.077283372,0.009367681,0.081967213,0.018735363,0.021077283,0.025761124,0.084309133,0.009367681,0.023419204,0.067915691,0.049180328,0.044496487,0.084309133,0.077283372,0.072599532,0.011709602,0.021077283
membrane,0.080495356,0,0.037151703,0.058823529,0.043343653,0.092879257,0.018575851,0.089783282,0.030959752,0.117647059,0.046439628,0.027863777,0.027863777,0.037151703,0.046439628,0.06501548,0.055727554,0.086687307,0.012383901,0.024767802
membrane,0.09762533,0.007915567,0.034300792,0.026385224,0.063324538,0.07651715,0.01055409,0.065963061,0.015831135,0.118733509,0.050131926,0.042216359,0.036939314,0.018469657,0.044854881,0.042216359,0.068601583,0.100263852,0.042216359,0.036939314
membrane,0.086666667,0.002222222,0.033333333,0.075555556,0.033333333,0.073333333,0.02,0.062222222,0.026666667,0.115555556,0.033333333,0.035555556,0.051111111,0.044444444,0.075555556,0.057777778,0.053333333,0.075555556,0.017777778,0.026666667
membrane,0.099557522,0.015486726,0.030973451,0.030973451,0.07300885,0.103982301,0.015486726,0.068584071,0.03539823,0.10840708,0.048672566,0.028761062,0.053097345,0.022123894,0.037610619,0.044247788,0.033185841,0.068584071,0.033185841,0.048672566
membrane,0.108870968,0.008064516,0.028225806,0.028225806,0.040322581,0.10483871,0.012096774,0.032258065,0.036290323,0.133064516,0.02016129,0.036290323,0.048387097,0.068548387,0.056451613,0.060483871,0.072580645,0.060483871,0.024193548,0.02016129
membrane,0.053097345,0.026548673,0.008849558,0.03539823,0.079646018,0.026548673,0.017699115,0.123893805,0.079646018,0.168141593,0.026548673,0.088495575,0.026548673,0,0.026548673,0.044247788,0.03539823,0.03539823,0,0.097345133
membrane,0.053097345,0.026548673,0.017699115,0.03539823,0.079646018,0.026548673,0,0.123893805,0.079646018,0.168141593,0.026548673,0.088495575,0.026548673,0,0.026548673,0.053097345,0.026548673,0.03539823,0,0.10619469
membrane,0.118055556,0.016203704,0.016203704,0.032407407,0.06712963,0.092592593,0.011574074,0.048611111,0.030092593,0.12962963,0.043981481,0.016203704,0.020833333,0.030092593,0.048611111,0.078703704,0.0625,0.078703704,0.020833333,0.037037037
membrane,0.050387597,0.007751938,0.007751938,0.054263566,0.069767442,0.058139535,0.015503876,0.100775194,0.031007752,0.166666667,0.042635659,0.023255814,0.050387597,0.019379845,0.046511628,0.062015504,0.050387597,0.07751938,0.019379845,0.046511628
membrane,0.054151625,0.032490975,0.050541516,0.079422383,0.050541516,0.090252708,0.025270758,0.032490975,0.050541516,0.104693141,0.02166065,0.046931408,0.028880866,0.032490975,0.054151625,0.072202166,0.036101083,0.090252708,0.014440433,0.032490975
membrane,0.064516129,0.012096774,0.056451613,0.036290323,0.032258065,0.084677419,0.024193548,0.044354839,0.072580645,0.092741935,0.012096774,0.012096774,0.052419355,0.032258065,0.064516129,0.092741935,0.044354839,0.10483871,0.024193548,0.040322581
membrane,0.070761015,0.016021362,0.05740988,0.073431242,0.037383178,0.056074766,0.012016021,0.068090788,0.072096128,0.08811749,0.021361816,0.076101469,0.033377837,0.044058745,0.042723632,0.062750334,0.049399199,0.053404539,0.020026702,0.045393858
membrane,0.093537415,0.003401361,0.042517007,0.047619048,0.025510204,0.093537415,0.011904762,0.05952381,0.054421769,0.083333333,0.025510204,0.045918367,0.054421769,0.032312925,0.068027211,0.069727891,0.051020408,0.091836735,0.010204082,0.035714286
membrane,0.076566125,0,0.018561485,0.020881671,0.076566125,0.09512761,0.009280742,0.125290023,0.041763341,0.088167053,0.032482599,0.041763341,0.03712297,0.062645012,0.032482599,0.053364269,0.062645012,0.085846868,0.006960557,0.032482599
membrane,0.09255079,0.004514673,0.015801354,0.031602709,0.072234763,0.097065463,0.009029345,0.101580135,0.038374718,0.108352144,0.036117381,0.022573363,0.045146727,0.047404063,0.047404063,0.051918736,0.056433409,0.079006772,0.009029345,0.033860045
membrane,0.074257426,0.089108911,0.024752475,0.04950495,0.04950495,0.123762376,0.024752475,0.074257426,0.01980198,0.143564356,0.014851485,0.034653465,0.01980198,0.034653465,0.014851485,0.069306931,0.02970297,0.054455446,0.01980198,0.034653465
membrane,0.095032397,0.012958963,0.028077754,0.036717063,0.075593952,0.112311015,0.006479482,0.084233261,0.049676026,0.120950324,0.034557235,0.025917927,0.021598272,0.030237581,0.030237581,0.062634989,0.051835853,0.060475162,0.019438445,0.041036717
membrane,0.072289157,0.004016064,0.022088353,0.040160643,0.088353414,0.050200803,0.008032129,0.104417671,0.078313253,0.112449799,0.03815261,0.034136546,0.034136546,0.024096386,0.016064257,0.070281124,0.054216867,0.076305221,0.020080321,0.052208835
membrane,0.119230769,0.003846154,0.046153846,0.046153846,0.042307692,0.1,0.003846154,0.073076923,0.019230769,0.157692308,0.026923077,0.003846154,0.034615385,0.003846154,0.034615385,0.046153846,0.088461538,0.084615385,0.026923077,0.038461538
membrane,0.14084507,0.007042254,0.038732394,0.038732394,0.038732394,0.080985915,0.003521127,0.063380282,0.01056338,0.147887324,0.031690141,0.021126761,0.028169014,0.017605634,0.024647887,0.066901408,0.073943662,0.098591549,0.035211268,0.031690141
membrane,0.114503817,0,0.038167939,0.041984733,0.049618321,0.099236641,0,0.057251908,0.026717557,0.148854962,0.038167939,0.011450382,0.045801527,0.015267176,0.026717557,0.053435115,0.072519084,0.08778626,0.030534351,0.041984733
membrane,0.090252708,0.005415162,0.027075812,0.027075812,0.083032491,0.092057762,0.034296029,0.072202166,0.016245487,0.09566787,0.054151625,0.027075812,0.059566787,0.027075812,0.027075812,0.05234657,0.061371841,0.066787004,0.032490975,0.048736462
membrane,0.115241636,0.014869888,0.059479554,0.05204461,0.044609665,0.05204461,0.022304833,0.066914498,0.037174721,0.096654275,0.014869888,0.033457249,0.07063197,0.044609665,0.022304833,0.044609665,0.033457249,0.111524164,0.026022305,0.037174721
membrane,0.086021505,0.007168459,0.03046595,0.023297491,0.086021505,0.100358423,0.043010753,0.071684588,0.016129032,0.091397849,0.053763441,0.028673835,0.055555556,0.021505376,0.02688172,0.048387097,0.055555556,0.073476703,0.032258065,0.048387097
membrane,0.107279693,0.005747126,0.030651341,0.051724138,0.074712644,0.076628352,0.011494253,0.061302682,0.040229885,0.118773946,0.042145594,0.024904215,0.034482759,0.038314176,0.038314176,0.059386973,0.055555556,0.068965517,0.024904215,0.034482759
membrane,0.081447964,0.006033183,0.030165913,0.030165913,0.087481146,0.093514329,0.030165913,0.093514329,0.030165913,0.092006033,0.049773756,0.031674208,0.042232278,0.019607843,0.025641026,0.040723982,0.060331825,0.085972851,0.039215686,0.030165913
membrane,0.102272727,0.034090909,0.028409091,0.034090909,0.073863636,0.056818182,0.011363636,0.045454545,0.034090909,0.159090909,0.039772727,0.005681818,0.056818182,0.051136364,0.051136364,0.028409091,0.034090909,0.079545455,0.039772727,0.034090909
membrane,0.123287671,0.01826484,0.020547945,0.015981735,0.079908676,0.075342466,0.015981735,0.091324201,0.025114155,0.118721461,0.02739726,0.034246575,0.038812785,0.047945205,0.02739726,0.075342466,0.057077626,0.057077626,0.01369863,0.03652968
membrane,0.083932854,0.019184652,0.014388489,0.026378897,0.134292566,0.086330935,0.009592326,0.079136691,0.028776978,0.129496403,0.033573141,0.038369305,0.028776978,0.026378897,0.028776978,0.069544365,0.045563549,0.069544365,0.014388489,0.033573141
membrane,0.07615894,0.003311258,0.043046358,0.036423841,0.07615894,0.086092715,0.009933775,0.062913907,0.023178808,0.142384106,0.049668874,0.026490066,0.029801325,0.01986755,0.049668874,0.09602649,0.036423841,0.099337748,0.016556291,0.016556291
membrane,0.075067024,0.026809651,0.050938338,0.072386059,0.030831099,0.08847185,0.008042895,0.034852547,0.056300268,0.081769437,0.004021448,0.05227882,0.04155496,0.04155496,0.054959786,0.091152815,0.056300268,0.084450402,0.014745308,0.033512064
membrane,0.086486486,0,0.037837838,0.048648649,0.064864865,0.027027027,0.010810811,0.064864865,0.091891892,0.113513514,0.021621622,0.054054054,0.016216216,0.027027027,0.043243243,0.113513514,0.037837838,0.081081081,0.021621622,0.037837838
membrane,0.102244389,0.002493766,0.02244389,0.024937656,0.069825436,0.097256858,0.012468828,0.092269327,0.02244389,0.149625935,0.032418953,0.024937656,0.034912718,0.034912718,0.024937656,0.077306733,0.06234414,0.064837905,0.029925187,0.017456359
membrane,0.122377622,0.02972028,0.027972028,0.045454545,0.047202797,0.11013986,0.015734266,0.026223776,0.027972028,0.094405594,0.013986014,0.015734266,0.062937063,0.017482517,0.078671329,0.085664336,0.038461538,0.103146853,0.015734266,0.020979021
membrane,0.164556962,0,0.037974684,0.025316456,0.050632911,0.126582278,0,0.101265823,0.012658228,0.151898734,0.101265823,0.025316456,0.037974684,0.025316456,0.025316456,0,0.012658228,0.075949367,0,0.025316456
membrane,0.062034739,0.023573201,0.064516129,0.060794045,0.029776675,0.070719603,0.026054591,0.040942928,0.058312655,0.096774194,0.029776675,0.040942928,0.055831266,0.02853598,0.049627792,0.073200993,0.058312655,0.080645161,0.016129032,0.033498759
membrane,0.060070671,0.035335689,0.028268551,0.045936396,0.045936396,0.060070671,0.035335689,0.060070671,0.042402827,0.109540636,0.024734982,0.03180212,0.042402827,0.028268551,0.067137809,0.081272085,0.042402827,0.102473498,0.021201413,0.035335689
membrane,0.06360424,0.035335689,0.024734982,0.049469965,0.049469965,0.060070671,0.038869258,0.060070671,0.042402827,0.109540636,0.024734982,0.03180212,0.042402827,0.024734982,0.067137809,0.081272085,0.042402827,0.098939929,0.021201413,0.03180212
membrane,0.075757576,0.034090909,0.026515152,0.045454545,0.056818182,0.049242424,0.041666667,0.087121212,0.049242424,0.083333333,0.026515152,0.03030303,0.026515152,0.037878788,0.056818182,0.087121212,0.049242424,0.083333333,0.022727273,0.03030303
membrane,0.113402062,0.003436426,0.041237113,0.054982818,0.054982818,0.054982818,0.030927835,0.068728522,0.06185567,0.06185567,0.051546392,0.04467354,0.06185567,0.030927835,0.017182131,0.082474227,0.048109966,0.06185567,0.024054983,0.030927835
membrane,0.037383178,0.009345794,0,0.028037383,0.074766355,0.074766355,0.018691589,0.186915888,0.037383178,0.112149533,0.018691589,0.028037383,0.028037383,0.018691589,0,0.112149533,0.08411215,0.08411215,0.009345794,0.037383178
membrane,0.139344262,0.004098361,0.036885246,0.049180328,0.045081967,0.086065574,0.012295082,0.06557377,0.032786885,0.118852459,0.028688525,0.049180328,0.016393443,0.053278689,0.053278689,0.06147541,0.036885246,0.086065574,0.012295082,0.012295082
membrane,0.03,0.0325,0.0475,0.0675,0.055,0.05,0.0225,0.0525,0.045,0.1075,0.0075,0.0675,0.0475,0.0375,0.075,0.0725,0.065,0.0675,0.015,0.035
membrane,0.11409396,0.006711409,0.052572707,0.068232662,0.031319911,0.06935123,0.025727069,0.044742729,0.030201342,0.128635347,0.017897092,0.032438479,0.053691275,0.045861298,0.078299776,0.03803132,0.051454139,0.080536913,0.015659955,0.014541387
membrane,0.107843137,0.003267974,0.026143791,0.019607843,0.062091503,0.078431373,0.013071895,0.098039216,0.035947712,0.130718954,0.04248366,0.029411765,0.058823529,0.016339869,0.045751634,0.052287582,0.049019608,0.081699346,0.009803922,0.039215686
membrane,0.051044084,0.006960557,0.025522042,0.07424594,0.039443155,0.069605568,0.034802784,0.039443155,0.039443155,0.143851508,0.027842227,0.051044084,0.048723898,0.046403712,0.085846868,0.048723898,0.05800464,0.064965197,0.025522042,0.018561485
membrane,0.141732283,0,0.015748031,0.039370079,0.023622047,0.078740157,0.007874016,0.070866142,0.031496063,0.149606299,0.031496063,0.015748031,0.015748031,0.015748031,0.070866142,0.031496063,0.086614173,0.133858268,0.023622047,0.015748031
membrane,0.12173913,0,0.02173913,0.073913043,0.060869565,0.065217391,0.02173913,0.095652174,0.034782609,0.108695652,0.039130435,0.052173913,0.02173913,0.034782609,0.056521739,0.065217391,0.043478261,0.047826087,0.013043478,0.02173913
membrane,0.111304348,0.085217391,0.053913043,0.053913043,0.029565217,0.102608696,0.026086957,0.027826087,0.013913043,0.088695652,0.010434783,0.029565217,0.092173913,0.045217391,0.043478261,0.055652174,0.04173913,0.059130435,0.010434783,0.019130435
membrane,0.100775194,0.003875969,0.065891473,0.073643411,0.023255814,0.073643411,0.015503876,0.031007752,0.034883721,0.120155039,0.003875969,0.007751938,0.069767442,0.034883721,0.069767442,0.03875969,0.058139535,0.112403101,0.015503876,0.046511628
membrane,0.090452261,0.010050251,0.050251256,0.041457286,0.040201005,0.094221106,0.015075377,0.051507538,0.042713568,0.08919598,0.030150754,0.047738693,0.082914573,0.032663317,0.038944724,0.046482412,0.064070352,0.070351759,0.030150754,0.031407035
membrane,0.099009901,0,0.00990099,0.024752475,0.099009901,0.064356436,0.02970297,0.099009901,0.00990099,0.094059406,0.034653465,0.044554455,0.024752475,0.02970297,0.04950495,0.069306931,0.04950495,0.094059406,0.024752475,0.04950495
membrane,0.052631579,0.073968706,0.052631579,0.046941679,0.027027027,0.075391181,0.025604552,0.046941679,0.06116643,0.102418208,0.014224751,0.06685633,0.048364154,0.035561878,0.051209104,0.056899004,0.058321479,0.07254623,0.008534851,0.022759602
membrane,0.066165414,0.048120301,0.046616541,0.064661654,0.028571429,0.068421053,0.02481203,0.05112782,0.05037594,0.088721805,0.026315789,0.051879699,0.058646617,0.036090226,0.061654135,0.065413534,0.054887218,0.057142857,0.011278195,0.039097744
membrane,0.059504132,0.049586777,0.050413223,0.063636364,0.029752066,0.070247934,0.025619835,0.057024793,0.055371901,0.091735537,0.020661157,0.053719008,0.061983471,0.040495868,0.049586777,0.069421488,0.052892562,0.05785124,0.010743802,0.029752066
membrane,0.040540541,0.027027027,0.040540541,0.057432432,0.023648649,0.064189189,0.037162162,0.016891892,0.057432432,0.118243243,0.050675676,0.047297297,0.094594595,0.057432432,0.054054054,0.067567568,0.057432432,0.047297297,0.013513514,0.027027027
membrane,0.09787234,0.012765957,0.017021277,0.034042553,0.063829787,0.055319149,0.012765957,0.093617021,0.025531915,0.140425532,0.021276596,0.025531915,0.029787234,0.017021277,0.059574468,0.076595745,0.072340426,0.068085106,0.021276596,0.055319149
membrane,0.092105263,0.004385965,0.030701754,0.030701754,0.061403509,0.109649123,0.00877193,0.078947368,0.026315789,0.144736842,0.030701754,0.021929825,0.026315789,0.030701754,0.039473684,0.039473684,0.070175439,0.105263158,0.00877193,0.039473684
membrane,0.093189964,0.014336918,0.039426523,0.028673835,0.050179211,0.089605735,0.007168459,0.046594982,0.025089606,0.200716846,0.028673835,0.028673835,0.046594982,0.025089606,0.039426523,0.046594982,0.035842294,0.071684588,0.05734767,0.025089606
membrane,0.062794349,0.025117739,0.03610675,0.08477237,0.034536892,0.070643642,0.020408163,0.040816327,0.026687598,0.103610675,0.014128728,0.03610675,0.069073783,0.031397174,0.056514914,0.083202512,0.06122449,0.089481947,0.015698587,0.037676609
membrane,0.108474576,0.003389831,0.027118644,0.074576271,0.040677966,0.084745763,0.016949153,0.06779661,0.037288136,0.13559322,0.047457627,0.027118644,0.040677966,0.023728814,0.044067797,0.06779661,0.047457627,0.06779661,0,0.037288136
membrane,0.108695652,0.007246377,0.02173913,0.012077295,0.074879227,0.099033816,0.014492754,0.065217391,0.031400966,0.147342995,0.031400966,0.036231884,0.041062802,0.009661836,0.024154589,0.074879227,0.060386473,0.084541063,0.019323671,0.036231884
membrane,0.078947368,0.010526316,0.056578947,0.060526316,0.060526316,0.068421053,0.017105263,0.042105263,0.065789474,0.093421053,0.018421053,0.055263158,0.040789474,0.030263158,0.043421053,0.075,0.057894737,0.073684211,0.014473684,0.036842105
membrane,0.065637066,0.05019305,0.057915058,0.027027027,0.061776062,0.065637066,0.011583012,0.065637066,0.034749035,0.096525097,0.038610039,0.069498069,0.038610039,0.034749035,0.034749035,0.061776062,0.042471042,0.057915058,0.038610039,0.046332046
membrane,0.041237113,0.030927835,0.06185567,0.103092784,0.051546392,0.051546392,0.041237113,0.082474227,0.041237113,0.103092784,0.020618557,0.020618557,0.041237113,0.020618557,0.06185567,0.092783505,0.030927835,0.06185567,0.020618557,0.020618557
membrane,0.073260073,0.010989011,0.032967033,0.025641026,0.095238095,0.128205128,0.029304029,0.065934066,0.018315018,0.117216117,0.014652015,0.032967033,0.054945055,0.018315018,0.032967033,0.065934066,0.025641026,0.065934066,0.054945055,0.036630037
membrane,0.108108108,0.010135135,0.033783784,0.006756757,0.054054054,0.091216216,0.013513514,0.084459459,0.043918919,0.114864865,0.040540541,0.023648649,0.033783784,0.013513514,0.030405405,0.070945946,0.033783784,0.111486486,0.023648649,0.057432432
membrane,0.108013937,0.010452962,0.013937282,0.017421603,0.048780488,0.108013937,0.013937282,0.06271777,0.013937282,0.160278746,0.06271777,0.013937282,0.038327526,0.027874564,0.031358885,0.073170732,0.031358885,0.104529617,0.038327526,0.020905923
membrane,0.085106383,0,0.085106383,0.056737589,0.035460993,0.042553191,0.021276596,0.056737589,0.070921986,0.09929078,0.063829787,0.056737589,0.056737589,0.014184397,0.014184397,0.028368794,0.09929078,0.092198582,0,0.021276596
membrane,0.059190031,0.031152648,0.056074766,0.090342679,0.021806854,0.068535826,0.028037383,0.021806854,0.040498442,0.115264798,0.021806854,0.034267913,0.040498442,0.065420561,0.07165109,0.096573209,0.046728972,0.040498442,0.034267913,0.015576324
membrane,0.097560976,0.006097561,0.048780488,0.045731707,0.030487805,0.06097561,0.009146341,0.039634146,0.030487805,0.112804878,0.024390244,0.048780488,0.045731707,0.070121951,0.079268293,0.06402439,0.057926829,0.082317073,0.015243902,0.030487805
membrane,0.06601467,0.024449878,0.034229829,0.061124694,0.039119804,0.068459658,0.024449878,0.029339853,0.053789731,0.136919315,0.007334963,0.04400978,0.06601467,0.078239609,0.034229829,0.075794621,0.04400978,0.06601467,0.012224939,0.034229829
membrane,0.034482759,0.034482759,0.068965517,0.075862069,0.024137931,0.079310345,0.04137931,0.006896552,0.044827586,0.124137931,0.010344828,0.037931034,0.048275862,0.075862069,0.051724138,0.079310345,0.04137931,0.062068966,0.037931034,0.020689655
membrane,0.03986711,0.03654485,0.069767442,0.069767442,0.053156146,0.059800664,0.043189369,0.03654485,0.029900332,0.106312292,0.009966777,0.053156146,0.026578073,0.083056478,0.049833887,0.079734219,0.053156146,0.043189369,0.03986711,0.016611296
membrane,0.132075472,0,0,0,0.018867925,0.094339623,0.037735849,0.113207547,0.056603774,0.094339623,0.018867925,0.037735849,0.056603774,0.037735849,0,0.037735849,0.075471698,0.113207547,0.056603774,0.018867925
membrane,0.125,0.003378378,0.023648649,0.023648649,0.064189189,0.074324324,0.013513514,0.077702703,0.027027027,0.155405405,0.030405405,0.023648649,0.054054054,0.037162162,0.030405405,0.054054054,0.047297297,0.081081081,0.027027027,0.027027027
membrane,0.090909091,0,0.058441558,0.064935065,0.019480519,0.064935065,0.019480519,0.068181818,0.051948052,0.087662338,0.038961039,0.042207792,0.064935065,0.045454545,0.081168831,0.084415584,0.029220779,0.058441558,0.00974026,0.019480519
membrane,0.051997811,0.013683634,0.062397373,0.048713738,0.054187192,0.062944718,0.022988506,0.064586754,0.037766831,0.072796935,0.021893815,0.064586754,0.054734537,0.047071702,0.047619048,0.057471264,0.079365079,0.0591133,0.025725233,0.050355774
membrane,0.07523511,0.034482759,0.043887147,0.028213166,0.028213166,0.031347962,0.094043887,0.02507837,0.040752351,0.094043887,0.018808777,0.02507837,0.068965517,0.040752351,0.05015674,0.07523511,0.109717868,0.065830721,0.018808777,0.031347962
membrane,0.077464789,0,0.056338028,0.063380282,0.021126761,0.056338028,0.007042254,0.077464789,0.049295775,0.112676056,0.021126761,0.035211268,0.070422535,0.035211268,0.056338028,0.070422535,0.042253521,0.133802817,0,0.014084507
membrane,0.02020202,0.050505051,0.04040404,0.03030303,0.050505051,0.060606061,0.01010101,0.141414141,0.04040404,0.060606061,0.01010101,0.121212121,0.060606061,0,0.050505051,0.090909091,0.080808081,0.060606061,0,0.02020202
membrane,0.097156398,0.033175355,0.037914692,0.035545024,0.04028436,0.071090047,0.014218009,0.068720379,0.049763033,0.113744076,0.018957346,0.045023697,0.056872038,0.021327014,0.05450237,0.063981043,0.063981043,0.068720379,0.016587678,0.028436019
membrane,0.093333333,0.024444444,0.028888889,0.037777778,0.053333333,0.104444444,0.006666667,0.064444444,0.035555556,0.086666667,0.008888889,0.028888889,0.08,0.024444444,0.093333333,0.068888889,0.046666667,0.068888889,0.017777778,0.026666667
membrane,0.101226994,0.027607362,0.024539877,0.033742331,0.058282209,0.04601227,0.015337423,0.09202454,0.042944785,0.125766871,0.021472393,0.030674847,0.070552147,0.024539877,0.04601227,0.049079755,0.033742331,0.098159509,0.021472393,0.036809816
membrane,0.099514563,0.033980583,0.016990291,0.041262136,0.050970874,0.082524272,0.026699029,0.067961165,0.019417476,0.121359223,0.02184466,0.04368932,0.055825243,0.029126214,0.053398058,0.065533981,0.038834951,0.080097087,0.019417476,0.031553398
membrane,0.096491228,0.004385965,0.039473684,0.065789474,0.061403509,0.127192982,0.01754386,0.030701754,0.048245614,0.100877193,0.01754386,0.039473684,0.074561404,0.013157895,0.021929825,0.074561404,0.035087719,0.074561404,0.026315789,0.030701754
membrane,0.04842615,0,0.04842615,0.062953995,0.02905569,0.055690073,0.007263923,0.092009685,0.055690073,0.089588378,0.026634383,0.060532688,0.03874092,0.072639225,0.055690073,0.065375303,0.060532688,0.06779661,0.014527845,0.04842615
membrane,0.073394495,0.009174312,0.018348624,0.009174312,0.04587156,0.064220183,0.055045872,0.100917431,0.018348624,0.091743119,0.100917431,0.04587156,0.018348624,0.009174312,0,0.082568807,0.082568807,0.119266055,0.036697248,0.018348624
membrane,0.060367454,0.034120735,0.026246719,0.026246719,0.052493438,0.044619423,0.018372703,0.094488189,0.057742782,0.133858268,0.026246719,0.052493438,0.031496063,0.005249344,0.049868766,0.11023622,0.057742782,0.065616798,0.01312336,0.039370079
membrane,0.06615215,0.014332966,0.047409041,0.060639471,0.055126792,0.084895259,0.011025358,0.063947078,0.056229327,0.081587652,0.027563396,0.044101433,0.036383682,0.044101433,0.05292172,0.073869901,0.056229327,0.067254686,0.016538037,0.03969129
membrane,0.169902913,0.048543689,0.038834951,0.029126214,0.004854369,0.082524272,0.009708738,0,0,0.22815534,0.004854369,0.014563107,0.101941748,0.004854369,0.116504854,0.033980583,0.048543689,0.033980583,0.019417476,0.009708738
membrane,0.038461538,0.006410256,0.076923077,0.038461538,0.012820513,0.102564103,0.006410256,0.044871795,0.057692308,0.108974359,0.032051282,0.057692308,0.070512821,0.076923077,0.051282051,0.057692308,0.038461538,0.064102564,0.012820513,0.044871795
membrane,0.085106383,0,0.04787234,0.053191489,0.037234043,0.063829787,0.005319149,0.037234043,0.053191489,0.106382979,0.037234043,0.026595745,0.063829787,0.090425532,0.074468085,0.069148936,0.037234043,0.058510638,0.031914894,0.021276596
membrane,0.167410714,0,0.078125,0.089285714,0.026785714,0.053571429,0.002232143,0.033482143,0.111607143,0.073660714,0.006696429,0.044642857,0.037946429,0.011160714,0.013392857,0.040178571,0.104910714,0.071428571,0.006696429,0.026785714
membrane,0.051470588,0.047794118,0.025735294,0.084558824,0.029411765,0.058823529,0.022058824,0.033088235,0.040441176,0.066176471,0.047794118,0.018382353,0.066176471,0.077205882,0.058823529,0.073529412,0.102941176,0.047794118,0.018382353,0.029411765
membrane,0.085603113,0.005836576,0.040856031,0.029182879,0.06614786,0.089494163,0.001945525,0.060311284,0.044747082,0.13229572,0.031128405,0.046692607,0.040856031,0.042801556,0.031128405,0.046692607,0.075875486,0.060311284,0.023346304,0.044747082
membrane,0.1278826,0.006289308,0.029350105,0.031446541,0.067085954,0.104821803,0.020964361,0.092243187,0.044025157,0.092243187,0.031446541,0.033542977,0.048218029,0.018867925,0.025157233,0.05870021,0.041928721,0.083857442,0.012578616,0.029350105
membrane,0.111455108,0.015479876,0.037151703,0.021671827,0.077399381,0.117647059,0.030959752,0.080495356,0.015479876,0.083591331,0.018575851,0.018575851,0.058823529,0.024767802,0.040247678,0.049535604,0.049535604,0.046439628,0.055727554,0.046439628
membrane,0.117216117,0.010989011,0.018315018,0.04029304,0.080586081,0.084249084,0.025641026,0.032967033,0.029304029,0.161172161,0.025641026,0.010989011,0.036630037,0.029304029,0.047619048,0.06959707,0.051282051,0.073260073,0.021978022,0.032967033
membrane,0.066115702,0.016528926,0.049586777,0.082644628,0.016528926,0.049586777,0.049586777,0.074380165,0.041322314,0.140495868,0.024793388,0.024793388,0.024793388,0.049586777,0.074380165,0.049586777,0.066115702,0.090909091,0.008264463,0
membrane,0.055555556,0.00462963,0.055555556,0.055555556,0.055555556,0.069444444,0.009259259,0.046296296,0.027777778,0.097222222,0.046296296,0.032407407,0.046296296,0.069444444,0.111111111,0.078703704,0.060185185,0.046296296,0.018518519,0.013888889
membrane,0.05267008,0.032187271,0.045354792,0.082662765,0.034381858,0.066569129,0.016825165,0.053401609,0.050475494,0.084857352,0.028529627,0.062179956,0.059253841,0.025603511,0.058522312,0.070958303,0.050475494,0.063643014,0.015362107,0.04608632
membrane,0.077399381,0.009287926,0.052631579,0.055727554,0.052631579,0.083591331,0.009287926,0.068111455,0.058823529,0.074303406,0.024767802,0.030959752,0.07120743,0.046439628,0.052631579,0.052631579,0.055727554,0.07120743,0.018575851,0.034055728
membrane,0.081023454,0.008528785,0.036247335,0.019189765,0.07249467,0.076759062,0.014925373,0.085287846,0.02771855,0.123667377,0.034115139,0.029850746,0.036247335,0.023454158,0.036247335,0.0554371,0.057569296,0.108742004,0.017057569,0.0554371
membrane,0.094339623,0.029649596,0.032345013,0.035040431,0.045822102,0.064690027,0.010781671,0.086253369,0.059299191,0.088948787,0.045822102,0.043126685,0.051212938,0.010781671,0.021563342,0.078167116,0.061994609,0.053908356,0.032345013,0.053908356
membrane,0.078740157,0.034120735,0.039370079,0.031496063,0.052493438,0.057742782,0.01312336,0.076115486,0.049868766,0.083989501,0.057742782,0.036745407,0.060367454,0.010498688,0.026246719,0.081364829,0.065616798,0.062992126,0.031496063,0.049868766
membrane,0.091383812,0.031331593,0.023498695,0.049608355,0.067885117,0.057441253,0.020887728,0.07310705,0.036553525,0.078328982,0.044386423,0.039164491,0.054830287,0.020887728,0.039164491,0.067885117,0.083550914,0.054830287,0.018276762,0.046997389
membrane,0.068783069,0.031746032,0.029100529,0.03968254,0.071428571,0.058201058,0.015873016,0.076719577,0.037037037,0.084656085,0.037037037,0.044973545,0.055555556,0.03968254,0.037037037,0.079365079,0.068783069,0.058201058,0.023809524,0.042328042
membrane,0.07183908,0.043103448,0.014367816,0.034482759,0.094827586,0.066091954,0.011494253,0.054597701,0.040229885,0.08045977,0.034482759,0.034482759,0.045977011,0.037356322,0.037356322,0.08045977,0.054597701,0.097701149,0.020114943,0.045977011
membrane,0.083333333,0.028735632,0.014367816,0.048850575,0.08908046,0.066091954,0.017241379,0.063218391,0.031609195,0.08045977,0.045977011,0.043103448,0.057471264,0.034482759,0.020114943,0.043103448,0.077586207,0.08908046,0.014367816,0.051724138
membrane,0.093406593,0.03021978,0.019230769,0.03021978,0.06043956,0.054945055,0.019230769,0.06043956,0.038461538,0.076923077,0.03021978,0.032967033,0.054945055,0.035714286,0.032967033,0.093406593,0.052197802,0.104395604,0.038461538,0.041208791
membrane,0.093406593,0.03021978,0.019230769,0.03021978,0.054945055,0.054945055,0.019230769,0.065934066,0.038461538,0.076923077,0.03021978,0.032967033,0.052197802,0.035714286,0.032967033,0.096153846,0.054945055,0.098901099,0.038461538,0.043956044
membrane,0.100470958,0.006279435,0.042386185,0.053375196,0.045525903,0.105180534,0.020408163,0.08477237,0.04866562,0.105180534,0.039246468,0.03610675,0.040816327,0.023547881,0.03610675,0.062794349,0.047095761,0.078492936,0.006279435,0.017268446
membrane,0.06557377,0.045081967,0.028688525,0.036885246,0.06147541,0.077868852,0.016393443,0.069672131,0.028688525,0.106557377,0.036885246,0.049180328,0.028688525,0.028688525,0.028688525,0.06147541,0.094262295,0.077868852,0.016393443,0.040983607
membrane,0.060498221,0.042704626,0.028469751,0.042704626,0.06405694,0.074733096,0.024911032,0.078291815,0.028469751,0.160142349,0.014234875,0.03202847,0.021352313,0.046263345,0.053380783,0.074733096,0.039145907,0.060498221,0.021352313,0.03202847
membrane,0.0456621,0.054794521,0.02739726,0.02739726,0.073059361,0.077625571,0.02283105,0.100456621,0.0456621,0.150684932,0.02739726,0.050228311,0.01826484,0.02283105,0.01369863,0.082191781,0.0456621,0.063926941,0.01826484,0.03196347
membrane,0.105485232,0.063291139,0.029535865,0.046413502,0.054852321,0.075949367,0.008438819,0.080168776,0.063291139,0.101265823,0.025316456,0.033755274,0.012658228,0.033755274,0.021097046,0.046413502,0.050632911,0.113924051,0.008438819,0.025316456
membrane,0.080508475,0.050847458,0.050847458,0.029661017,0.06779661,0.080508475,0.012711864,0.080508475,0.050847458,0.118644068,0.025423729,0.046610169,0.016949153,0.038135593,0.008474576,0.046610169,0.050847458,0.097457627,0.012711864,0.033898305
membrane,0.059925094,0.041198502,0.033707865,0.059925094,0.056179775,0.097378277,0.011235955,0.063670412,0.041198502,0.112359551,0.033707865,0.041198502,0.02247191,0.037453184,0.029962547,0.071161049,0.029962547,0.093632959,0.02247191,0.041198502
membrane,0.074889868,0.044052863,0.039647577,0.057268722,0.083700441,0.092511013,0.013215859,0.110132159,0.070484581,0.088105727,0.030837004,0.035242291,0.017621145,0.030837004,0.022026432,0.039647577,0.039647577,0.066079295,0.013215859,0.030837004
membrane,0.075949367,0.050632911,0.029535865,0.050632911,0.071729958,0.084388186,0.004219409,0.109704641,0.054852321,0.126582278,0.021097046,0.042194093,0.008438819,0.042194093,0.016877637,0.071729958,0.025316456,0.071729958,0.012658228,0.029535865
membrane,0.058823529,0.026960784,0.024509804,0.034313725,0.100490196,0.06127451,0.029411765,0.073529412,0.029411765,0.171568627,0.022058824,0.044117647,0.053921569,0.029411765,0.034313725,0.046568627,0.049019608,0.068627451,0.009803922,0.031862745
membrane,0.036649215,0.027923211,0.041884817,0.038394415,0.047120419,0.054101222,0.02617801,0.078534031,0.059336824,0.102966841,0.017452007,0.07504363,0.04886562,0.040139616,0.045375218,0.07504363,0.07504363,0.043630017,0.010471204,0.055846422
membrane,0.065335753,0.023593466,0.049001815,0.063520871,0.045372051,0.063520871,0.019963702,0.02722323,0.025408348,0.12522686,0.007259528,0.025408348,0.105263158,0.058076225,0.047186933,0.08892922,0.056261343,0.054446461,0.030852995,0.01814882
membrane,0.096330275,0.068807339,0.032110092,0.050458716,0.055045872,0.073394495,0.009174312,0.091743119,0.050458716,0.110091743,0.027522936,0.036697248,0.018348624,0.02293578,0.02293578,0.04587156,0.032110092,0.114678899,0.004587156,0.036697248
membrane,0.146341463,0,0.024390244,0.073170732,0.073170732,0.048780488,0.073170732,0.024390244,0.024390244,0.170731707,0,0,0.024390244,0.024390244,0.024390244,0.048780488,0.097560976,0.073170732,0.024390244,0.024390244
membrane,0.081753555,0.002369668,0.061611374,0.045023697,0.029620853,0.078199052,0.005924171,0.045023697,0.047393365,0.098341232,0.031990521,0.041469194,0.06042654,0.07464455,0.071090047,0.059241706,0.047393365,0.067535545,0.015402844,0.035545024
membrane,0.101744186,0.014534884,0.014534884,0.020348837,0.052325581,0.113372093,0.014534884,0.098837209,0.043604651,0.119186047,0.055232558,0.040697674,0.029069767,0.00872093,0.026162791,0.063953488,0.034883721,0.078488372,0.034883721,0.034883721
membrane,0.105691057,0.001626016,0.043902439,0.055284553,0.022764228,0.081300813,0.006504065,0.092682927,0.045528455,0.110569106,0.024390244,0.05203252,0.030894309,0.048780488,0.056910569,0.055284553,0.058536585,0.079674797,0.003252033,0.024390244
non_membrane,0.107142857,0.004464286,0.053571429,0.075892857,0.03125,0.102678571,0.026785714,0.080357143,0.084821429,0.071428571,0.013392857,0.03125,0.058035714,0.013392857,0.066964286,0.026785714,0.049107143,0.080357143,0.004464286,0.017857143
non_membrane,0.055970149,0.01119403,0.070895522,0.078358209,0.052238806,0.070895522,0.029850746,0.059701493,0.048507463,0.085820896,0.029850746,0.044776119,0.059701493,0.041044776,0.078358209,0.041044776,0.041044776,0.052238806,0.018656716,0.029850746
non_membrane,0.106945976,0.019845645,0.061742007,0.051819184,0.028665932,0.109151047,0.025358324,0.049614112,0.059536935,0.074972437,0.028665932,0.030871003,0.060639471,0.037486218,0.031973539,0.03969129,0.062844542,0.074972437,0.012127894,0.033076075
non_membrane,0.109965636,0.006872852,0.06185567,0.04467354,0.034364261,0.068728522,0.024054983,0.048109966,0.030927835,0.058419244,0.024054983,0.048109966,0.041237113,0.06185567,0.017182131,0.109965636,0.092783505,0.054982818,0.017182131,0.04467354
